0
0.9045
1.809
2.368
3.2725
4.736
5.6405
6.1995
7.104
8.5675
9.472
10.9356
11.8401
12.3991
13.3036
14.7671
15.6716
16.2306
17.1351
18.0396
18.5986
19.5031
20.9666
21.8711
22.4301
23.3346
24.7981
25.7026
27.1661
28.0706
28.6297
29.5342
30.9977
31.9022
32.4612
33.3657
34.8292
35.7337
37.1972
38.1017
38.6607
39.5652
41.0287
41.9332
42.4922
43.3967
44.3012
44.8602
45.7647
47.2283
48.1328
48.6918
49.5963
51.0598
51.9643
53.4278
54.3323
54.8913
55.7958
57.2593
58.1638
58.7228
59.6273
60.5318
61.0908
61.9953
63.4588
64.3633
64.9224
65.8269
67.2904
68.1949
69.6584
70.5629
71.1219
72.0264
73.4899
74.3944
74.9534
75.8579
77.3214
78.2259
79.6894
80.5939
81.1529
82.0574
83.521
84.4255
84.9845
85.889
86.7935
87.3525
88.257
89.7205
90.625
91.184
92.0885
93.552
94.4565
95.92
96.8245
97.3835
98.288
99.7516
100.656
101.215
102.12
103.583
104.488
105.951
106.856
107.415
108.319
109.783
110.687
111.246
112.151
113.055
113.614
114.519
115.982
116.887
117.446
118.35
119.814
120.718
122.182
123.086
123.645
124.55
126.013
126.918
127.477
128.381
129.286
129.845
130.749
132.213
133.117
133.676
134.581
136.044
136.949
138.412
139.317
139.876
140.78
142.244
143.148
143.707
144.612
146.075
146.98
148.443
149.348
149.907
150.811
152.275
153.179
153.738
154.643
155.547
156.106
157.011
158.474
159.379
159.938
160.842
162.306
163.21
164.674
165.578
166.137
167.042
168.505
169.41
169.969
170.873
172.337
173.242
174.705
175.609
176.168
177.073
178.536
179.441
